Camera matrix :

[[698.1419447    0.         304.61201258]
 [  0.         696.51883413 247.17662037]
 [  0.           0.           1.        ]]

dist :

[[-4.86329397e-01  6.20581152e-01 -6.41793856e-04  1.44191001e-03
  -1.04109358e+00]]

rvecs :

(array([[-0.10095337],
       [-0.1045934 ],
       [-1.59036753]]), array([[-0.42364307],
       [ 0.34792779],
       [-1.44569875]]), array([[-0.00280366],
       [ 0.52704379],
       [-1.40598412]]), array([[-0.80735777],
       [ 0.81653854],
       [-1.39742382]]), array([[-0.04250328],
       [-0.25833492],
       [-1.55537809]]), array([[-0.34843537],
       [-0.17244132],
       [-1.48117068]]), array([[ 0.1566884 ],
       [ 0.30464832],
       [-1.55662515]]), array([[-0.29552455],
       [ 0.2765827 ],
       [-1.44664939]]), array([[-0.06642133],
       [-0.34301832],
       [-1.572712  ]]))
tvecs :

(array([[-4.32795355],
       [ 3.13488899],
       [19.4740597 ]]), array([[-2.28776734],
       [ 1.79202028],
       [25.42522819]]), array([[-5.11730553],
       [ 2.0862832 ],
       [26.06023934]]), array([[ 4.70086442],
       [ 3.04657398],
       [26.66584336]]), array([[-0.98246173],
       [ 4.10332773],
       [18.93070676]]), array([[-2.45202273],
       [ 3.26252489],
       [29.63857109]]), array([[-4.11967255],
       [ 2.35532177],
       [20.25416614]]), array([[-3.82913986],
       [ 4.57434026],
       [24.07853675]]), array([[-1.52017623],
       [ 3.35151855],
       [19.87680809]]))
